Realization of event times (column 1) and marks (column 2) generated via the time-scaling algorithm
10.95	1
12.4	1
37.25	1
40.45	1
40.7	1
53.05	1
57.7	1
59.1	1
104.6	1
106.3	1
128.15	1
130.85	1
158.9	1
169.25	1
180.55	1
181.35	1
192.6	1
206.2	1
226.65	1
241.7	1
272.75	1
296.8	1
311.1	1
313.8	1
335.65	1
337.6	1
351.1	1
353	1
353.1	1
363.65	1
371.2	1
378.7	1
386.75	1
396.8	1
397.45	1
409.25	1
422.1	1
437.85	1
448.45	1
465.5	1
482.55	1
507	1
514.35	1
532.6	1
540.6	1
548.65	1
590.6	1
600.1	1
603.95	1
631.4	1
646.5	1
667.8	1
677.15	1
686.5	1
707.5	1
708.8	1
711.1	1
716.05	1
784.05	1
805.65	1
812.15	1
825.15	1
834.4	1
843.8	1
852.15	1
860.55	1
867.15	1
869.9	1
872.3	1
891.95	1
893.2	1
900.05	1
908.1	1
908.55	1
918.25	1
920.95	1
924.45	1
929.6	1
947.7	1
959.75	1
961.65	1
979.7	1
983.65	1
992.55	1
999.65	1
1010.65	1
1036.6	1
1038.5	1
1052.85	1
1053.3	1
1065.75	1
1073.9	1
1089.3	1
1089.6	1
1090.75	1
1101.65	1
1101.7	1
1109.6	1
1121.65	1
1131.5	1
1135.55	1
1149.4	1
1192.15	1
1197.5	1
1213.35	1
1215.1	1
1219.35	1
1230.4	1
1264.4	1
1277.1	1
1306.15	1
1311.85	1
1316.1	1
1316.6	1
1331.9	1
1332.95	1
1337.5	1
1349.2	1
1353.8	1
1355.8	1
1363.25	1
1365.95	1
1372.2	1
1376.15	1
1378.1	1
1380.75	1
1382.75	1
1384.55	1
1387.25	1
1389.45	1
1391.95	1
1393.5	1
1397.65	1
1403.5	1
1418	1
1418.35	1
1425.8	1
1427.6	1
1435.35	1
1436.65	1
1436.75	1
1441.15	1
1446.05	1
1452.05	1
1456.6	1
1460.15	1
1464.35	1
1465.95	1
1473.8	1
1474	1
1475.8	1
1476.6	1
1478.05	1
1481.9	1
1484.65	1
1486.6	1
1488.25	1
1490.7	1
1491.85	1
1494.6	1
1495.95	1
1496.55	1
1496.85	1
1496.9	1
1505.05	1
1506.35	1
1507.4	1
1510.4	1
1510.55	1
1512.2	1
1517.8	1
1518.15	1
1519.85	1
1522.4	1
1523.5	1
1524.55	1
1525.55	1
1525.6	1
1526.75	1
1527.7	1
1534.2	1
1535	1
1537.65	1
1541.3	1
1543	1
1544.3	1
1547.6	1
1548.05	1
1548.75	1
1551.25	1
1553.85	1
1564	1
1569.45	1
1570.7	1
1577.2	1
1577.4	1
1577.85	1
1578.05	1
1580.65	1
1582.45	1
1585.2	1
1587.65	1
1588.5	1
1592.95	1
1594.5	1
1595.25	1
1596.75	1
1599.8	1
1601.5	1
1604.8	1
1610.8	1
1615.15	1
1625.3	1
1628.65	1
1629.5	1
1630	1
1630.3	1
1631.55	1
1631.95	1
1633.2	1
1636	1
1636.75	1
1638.75	1
1638.95	1
1639.8	1
1640.6	1
1641.55	1
1644.9	1
1645.5	1
1646.3	1
1648.85	1
1650	1
1650.15	1
1652	1
1654.6	1
1656.55	1
1658.1	1
1658.4	1
1661.1	1
1661.45	1
1666.5	1
1668.05	1
1670.35	1
1670.45	1
1670.7	1
1671.45	1
1672.55	1
1674.15	1
1675.4	1
1675.7	1
1678.15	1
1678.3	1
1679.9	1
1681.2	1
1683.4	1
1685.9	1
1686	1
1688.3	1
1692.9	1
1695.35	1
1696.45	1
1698.2	1
1698.65	1
1698.95	1
1703.6	1
1704.3	1
1704.5	1
1704.6	1
1705	1
1705.8	1
1706.75	1
1709.6	1
1710.55	1
1712.85	1
1712.95	1
1714.1	1
1717.1	1
1717.5	1
1718.65	1
1719.3	1
1720.75	1
1725.4	1
1727.1	1
1730.6	1
1731.25	1
1731.65	1
1733.85	1
1735.2	1
1737.15	1
1738.85	1
1745.6	1
1754.95	1
1756.15	1
1760.45	1
1763.55	1
1764	1
1768.9	1
1769.2	1
1771.9	1
1777.65	1
1779.1	1
1779.9	1
1781.05	1
1781.55	1
1782.25	1
1786.7	1
1787.6	1
1787.65	1
1790.15	1
1790.35	1
1792.65	1
1793.05	1
1794	1
1794.7	1
1795.95	1
1798.05	1
1804.05	1
1808.85	1
1814.6	1
1816	1
1816.55	1
1817.85	1
1818.7	1
1825.8	1
1826.65	1
1829.95	1
1831.05	1
1831.15	1
1833.1	1
1833.35	1
1833.75	1
1836.35	1
1838.75	1
1838.85	1
1840.9	1
1845.7	1
1849.75	1
1852	1
1854	1
1858.6	1
1862.3	1
1865.5	1
1870.35	1
1870.75	1
1874.55	1
1875.1	1
1881.2	1
1882.45	1
1882.7	1
1885.9	1
1890.75	1
1898.05	1
1898.6	1
1899.9	1
1900.1	1
1901.2	1
1901.8	1
1902.1	1
1907.75	1
1911.2	1
1913.8	1
1914.15	1
1914.35	1
1916.85	1
1920.2	1
1922.95	1
1923.45	1
1929.6	1
1930.4	1
1930.75	1
1934.15	1
1935.2	1
1936.2	1
1937	1
1938.7	1
1943.15	1
1944.75	1
1949	1
1949.4	1
1951.2	1
1954.7	1
1956.7	1
1958.2	1
1962.05	1
1964.45	1
1967.75	1
1970.6	1
1978.8	1
1979.75	1
1986.05	1
1991.4	1
1996.85	1
1997.9	1
2000.35	1
2001.2	1
2002.6	1
2008.3	1
2009.65	1
2011.25	1
2012.9	1
2013.25	1
2013.4	1
2016.2	1
2016.6	1
2016.95	1
2017.35	1
2019.5	1
2028.25	1
2030.35	1
2040.55	1
2041.75	1
2044.05	1
2044.85	1
2044.95	1
2045.2	1
2048.5	1
2049.25	1
2052.2	1
2055.55	1
2055.6	1
2062.75	1
2064.4	1
2064.8	1
2067.8	1
2068.8	1
2071.5	1
2073.3	1
2077.55	1
2077.8	1
2078.55	1
2080.95	1
2085.45	1
2085.95	1
2086.15	1
2086.4	1
2092.7	1
2093.2	1
2095.05	1
2095.2	1
2095.4	1
2096.9	1
2098.4	1
2099.6	1
2100.7	1
2102.9	1
2104	1
2112.35	1
2115.95	1
2116	1
2116.65	1
2124.05	1
2124.5	1
2126.75	1
2126.9	1
2129.45	1
2131.55	1
2134.55	1
2135.1	1
2137.8	1
2138.15	1
2138.35	1
2143.75	1
2144.8	1
2145.25	1
2145.65	1
2146.6	1
2147.7	1
2150.3	1
2150.85	1
2151.15	1
2151.95	1
2152.4	1
2154.75	1
2154.8	1
2156.05	1
2157.25	1
2158.2	1
2158.3	1
2161.85	1
2164	1
2167.15	1
2167.7	1
2169.65	1
2171.3	1
2171.6	1
2172.2	1
2175.75	1
2181.9	1
2185.65	1
2186.75	1
2186.8	1
2188.9	1
2192.25	1
2192.85	1
2194.6	1
2195.6	1
2196.3	1
2196.45	1
2196.7	1
2197.65	1
2198	1
2199.15	1
2199.65	1
2200.9	1
2202.5	1
2204.55	1
2206	1
2206.55	1
2208.05	1
2211.35	1
2212.95	1
2214.9	1
2215.7	1
2215.8	1
2216.75	1
2217.7	1
2218.75	1
2219.7	1
2221.4	1
2221.65	1
2221.7	1
2222.65	1
2223.25	1
2223.45	1
2223.5	1
2223.55	1
2224.55	1
2225.9	1
2226.85	1
2227.35	1
2228	1
2229.5	1
2229.6	1
2230.65	1
2232.2	1
2233	1
2233.35	1
2234.9	1
2236.6	1
2237.65	1
2238.4	1
2238.6	1
2239.4	1
2240.5	1
2241.75	1
2242.45	1
2242.55	1
2248.1	1
2248.6	1
2250.75	1
2252.2	1
2253.15	1
2255.3	1
2255.55	1
2256.05	1
2257	1
2260.7	1
2261.25	1
2261.95	1
2264.35	1
2265.95	1
2267.25	1
2270.35	1
2273.55	1
2273.65	1
2275	1
2275.05	1
2276.5	1
2276.85	1
2277.35	1
2278.7	1
2279.75	1
2281.35	1
2281.7	1
2281.9	1
2282.8	1
2285	1
2290.65	1
2291.85	1
2293.95	1
2295.7	1
2297.2	1
2298.5	1
2299.25	1
2300	1
2301.2	1
2303.05	1
2303.8	1
2309.35	1
2309.8	1
2310.7	1
2311.1	1
2311.25	1
2311.75	1
2312.5	1
2312.7	1
2313.4	1
2313.8	1
2318.1	1
2318.15	1
2319.2	1
2319.4	1
2321.2	1
2322.8	1
2325.7	1
2325.85	1
2326.2	1
2326.95	1
2327.8	1
2329.8	1
2333.15	1
2333.55	1
2339.3	1
2340.35	1
2341.1	1
2341.8	1
2344.05	1
2344.15	1
2344.25	1
2344.75	1
2344.8	1
2345.4	1
2345.8	1
2346.7	1
2350	1
2351.2	1
2351.9	1
2352.1	1
2352.25	1
2355.15	1
2356.85	1
2358.95	1
2359.35	1
2359.45	1
2361	1
2361.55	1
2363.75	1
2364	1
2365.2	1
2366.35	1
2366.6	1
2367.2	1
2368.75	1
2371.75	1
2372.05	1
2373.35	1
2373.8	1
2375.1	1
2376.95	1
2378.75	1
2383.55	1
2386.65	1
2387.05	1
2387.15	1
2388.85	1
2389.4	1
2389.75	1
2389.9	1
2390.75	1
2393.25	1
2393.95	1
2394.2	1
2396.7	1
2397.5	1
2397.7	1
2397.95	1
2398.5	1
2398.9	1
2400.85	1
2401	1
2402.2	1
2402.3	1
2402.65	1
2404.1	1
2404.55	1
2410.85	1
2411.5	1
2412.8	1
2412.9	1
2413.35	1
2414.05	1
2415.15	1
2415.9	1
2416.4	1
2417.5	1
2420.65	1
2421.25	1
2422.3	1
2424.7	1
2426.05	1
2426.2	1
2429.25	1
2430.3	1
2432	1
2432.15	1
2432.85	1
2434.8	1
2436.15	1
2437.2	1
2437.45	1
2438.4	1
2438.9	1
2439.3	1
2439.5	1
2441.95	1
2443.3	1
2444.85	1
2446	1
2446.95	1
2447.25	1
2447.7	1
2448.1	1
2448.85	1
2451.65	1
2451.75	1
2453.35	1
2458.2	1
2458.35	1
2458.6	1
2459.1	1
2460.5	1
2462.05	1
2462.4	1
2462.5	1
2465.15	1
2466.3	1
2468.2	1
2468.95	1
2470.4	1
2471.1	1
2472.45	1
2474.65	1
2475.15	1
2480.8	1
2481	1
2481.75	1
2482.2	1
2483.05	1
2483.25	1
2483.7	1
2486.8	1
2494.5	1
2495.35	1
2499.4	1
2501.75	1
2501.8	1
2502.2	1
2502.55	1
2503.5	1
2504.15	1
2505.5	1
2506.15	1
2506.45	1
2507.2	1
2508.55	1
2510.1	1
2510.9	1
2511	1
2511.85	1
2512	1
2512.8	1
2515.65	1
2517	1
2517.3	1
2518.6	1
2519.05	1
2519.9	1
2520.65	1
2521.55	1
2524.4	1
2524.55	1
2529.15	1
2531.8	1
2532.75	1
2534.55	1
2536.45	1
2537	1
2539.6	1
2542.05	1
2542.55	1
2542.9	1
2545.15	1
2546.45	1
2548.25	1
2549.4	1
2550.05	1
2550.65	1
2552.95	1
2554.5	1
2555.1	1
2557.35	1
2557.5	1
2558.8	1
2558.85	1
2558.9	1
2561	1
2562.25	1
2565.1	1
2565.35	1
2566.4	1
2568.2	1
2569.7	1
2569.85	1
2572.3	1
2572.35	1
2572.4	1
2572.5	1
2573.7	1
2578.75	1
2580.35	1
2580.95	1
2581.6	1
2585.75	1
2587.65	1
2591.8	1
2591.9	1
2591.95	1
2592.25	1
2592.65	1
2592.95	1
2594.75	1
2596.7	1
2597.65	1
2598.55	1
2599.55	1
2600.05	1
2600.2	1
2602.95	1
2604.35	1
2604.4	1
2605.4	1
2605.8	1
2610.9	1
2611.35	1
2612.05	1
2614.85	1
2617.65	1
2619.85	1
2620.8	1
2626.25	1
2626.75	1
2628.3	1
2629	1
2630.15	1
2631.6	1
2632.7	1
2633.4	1
2633.45	1
2634.2	1
2636.9	1
2638.2	1
2638.35	1
2640	1
2641.05	1
2641.65	1
2641.85	1
2644.55	1
2644.6	1
2645.65	1
2647.25	1
2649.9	1
2650.2	1
2650.7	1
2651.95	1
2653.05	1
2653.7	1
2655.1	1
2655.65	1
2656.3	1
2657.55	1
2662.15	1
2664.25	1
2664.75	1
2664.8	1
2666.3	1
2667.4	1
2667.95	1
2668.05	1
2668.95	1
2669.35	1
2673.8	1
2674.35	1
2674.4	1
2675.75	1
2676	1
2676.65	1
2678.8	1
2679.35	1
2681.1	1
2681.85	1
2682.65	1
2685	1
2686.55	1
2688.8	1
2691.8	1
2693.75	1
2695.35	1
2695.6	1
2695.85	1
2697.55	1
2699	1
2699.2	1
2699.6	1
2699.9	1
2700.55	1
2701.05	1
2701.2	1
2701.55	1
2703.6	1
2703.75	1
2705.4	1
2705.45	1
2706.35	1
2706.55	1
2707.4	1
2707.45	1
2712.55	1
2712.6	1
2713.7	1
2714.55	1
2715.7	1
2718.25	1
2719.9	1
2720.2	1
2720.95	1
2722.1	1
2722.35	1
2722.9	1
2725.1	1
2727.15	1
2728.25	1
2728.55	1
2728.65	1
2729.85	1
2730.4	1
2731.05	1
2731.9	1
2732.95	1
2733.35	1
2735.35	1
2736.7	1
2736.85	1
2737.05	1
2737.85	1
2740.05	1
2740.15	1
2748	1
2748.1	1
2749.4	1
2750.2	1
2755.1	1
2756.75	1
2757.25	1
2757.45	1
2760.8	1
2760.85	1
2763.55	1
2764.25	1
2765.9	1
2767.8	1
2771.05	1
2772.25	1
2772.35	1
2772.5	1
2774.25	1
2776.4	1
2778	1
2780.85	1
2781.7	1
2783.35	1
2785.25	1
2785.4	1
2786.95	1
2788.35	1
2789.45	1
2789.5	1
2790.45	1
2792.05	1
2793.2	1
2793.3	1
2794.15	1
2795.2	1
2799.35	1
2800.55	1
2801.15	1
2803.15	1
2803.9	1
2805.45	1
2806.2	1
2809.2	1
2809.35	1
2809.6	1
2811.8	1
2813.1	1
2813.35	1
2814.5	1
2815.8	1
2819.5	1
2819.7	1
2820.6	1
2821.7	1
2823.55	1
2823.8	1
2824.1	1
2824.15	1
2824.4	1
2824.8	1
2825.1	1
2827.7	1
2828.6	1
2830.9	1
2831.1	1
2831.9	1
2836.15	1
2837.2	1
2837.85	1
2839.2	1
2840	1
2840.2	1
2841.25	1
2842.2	1
2845.05	1
2846.25	1
2850.2	1
2850.45	1
2851.75	1
2851.85	1
2853.15	1
2855.1	1
2856.55	1
2857.05	1
2860.5	1
2860.9	1
2861.2	1
2861.35	1
2862.15	1
2865.65	1
2865.75	1
2867.65	1
2867.85	1
2868.8	1
2869.15	1
2869.25	1
2870.45	1
2871.05	1
2871.25	1
2871.65	1
2872.75	1
2872.8	1
2873.55	1
2873.75	1
2876.5	1
2876.85	1
2877.05	1
2877.65	1
2878.8	1
2879.6	1
2879.8	1
2880.1	1
2881.35	1
2883.15	1
2883.75	1
2885.65	1
2886.6	1
2886.85	1
2888.35	1
2888.55	1
2888.85	1
2889.7	1
2891.7	1
2892.5	1
2893.4	1
2894.45	1
2896.5	1
2896.95	1
2901.3	1
2901.4	1
2901.55	1
2901.8	1
2904.35	1
2905.9	1
2906.55	1
2907.25	1
2908.65	1
2909.9	1
2910.75	1
2911.2	1
2911.7	1
2911.9	1
2912	1
2912.9	1
2913	1
2913.3	1
2916.85	1
2918.5	1
2918.95	1
2922.65	1
2922.85	1
2923.05	1
2924.05	1
2924.45	1
2925.35	1
2926.45	1
2926.55	1
2928.95	1
2930.1	1
2930.6	1
2930.8	1
2931.55	1
2932.1	1
2932.15	1
2932.35	1
2932.9	1
2937	1
2937.65	1
2937.95	1
2939.25	1
2939.5	1
2939.6	1
2939.75	1
2940.45	1
2940.85	1
2941.8	1
2943.8	1
2944.2	1
2944.9	1
2944.95	1
2946.6	1
2946.85	1
2947.45	1
2949.6	1
2953.35	1
2954.55	1
2954.8	1
2955.7	1
2957.15	1
2958.4	1
2959.5	1
2960.1	1
2961.15	1
2961.55	1
2961.75	1
2962.25	1
2963.35	1
2965.6	1
2966.15	1
2966.2	1
2967.05	1
2967.55	1
2967.95	1
2972	1
2972.85	1
2973	1
2973.3	1
2974.4	1
2975.4	1
2977.15	1
2978.65	1
2981.1	1
2983.55	1
2984.8	1
2988.15	1
2989	1
2989.3	1
2989.35	1
2989.6	1
2992	1
2992.35	1
2992.4	1
2992.5	1
2993.2	1
2997.6	1
2997.9	1
2998	1
2998.25	1
2998.3	1
2998.7	1
3001.8	1
3002.15	1
3002.65	1
3003.15	1
3007.4	1
3008.35	1
3008.95	1
3009.1	1
3009.25	1
3010.1	1
3010.5	1
3010.75	1
3010.8	1
3011.7	1
3014.1	1
3014.45	1
3014.55	1
3014.8	1
3014.9	1
3014.95	1
3016.65	1
3016.95	1
3019.55	1
3020.9	1
3022.1	1
3022.3	1
3024.3	1
3024.8	1
3025.5	1
3029.2	1
3030.15	1
3031.2	1
3032	1
3033.75	1
3034.75	1
3036.1	1
3036.9	1
3039.9	1
3040.1	1
3040.35	1
3041	1
3041.9	1
3042.35	1
3043.3	1
3044.1	1
3044.5	1
3044.85	1
3045.6	1
3047.45	1
3047.5	1
3047.75	1
3047.9	1
3049.75	1
3050.65	1
3051.5	1
3052.15	1
3052.85	1
3053.7	1
3053.75	1
3054.45	1
3054.75	1
3055	1
3055.75	1
3055.8	1
3055.9	1
3056.25	1
3056.65	1
3057.65	1
3058.55	1
3058.7	1
3059.45	1
3059.8	1
3063.6	1
3064.75	1
3064.95	1
3065	1
3067.05	1
3068.2	1
3069.5	1
3072.85	1
3075.95	1
3078.3	1
3080.55	1
3081.85	1
3082	1
3083.35	1
3085.75	1
3086.95	1
3087.35	1
3087.45	1
3087.9	1
3089.25	1
3089.95	1
3092.25	1
3092.95	1
3094.25	1
3094.55	1
3095	1
3095.35	1
3100.95	1
3101.05	1
3103.55	1
3103.65	1
3105.9	1
3108.45	1
3109.3	1
3110.2	1
3113.25	1
3115.15	1
3116.5	1
3118.3	1
3118.65	1
3121	1
3122	1
3122.3	1
3122.8	1
3123.25	1
3123.85	1
3126.05	1
3126.1	1
3126.55	1
3127	1
3127.05	1
3130.3	1
3130.7	1
3135.85	1
3136.15	1
3137.25	1
3137.85	1
3138.1	1
3140	1
3141.45	1
3142.2	1
3142.6	1
3143.2	1
3144.3	1
3144.8	1
3144.9	1
3145.4	1
3146.15	1
3146.2	1
3147.3	1
3148.65	1
3149.2	1
3151	1
3151.35	1
3154.15	1
3154.85	1
3156.55	1
3157.5	1
3158.7	1
3160.05	1
3160.45	1
3161	1
3162	1
3163.05	1
3163.8	1
3164.35	1
3167.5	1
3169.55	1
3169.85	1
3170.2	1
3170.9	1
3171.05	1
3172	1
3172.6	1
3173.95	1
3174.35	1
3174.4	1
3175.85	1
3176.75	1
3177	1
3180.45	1
3181.45	1
3182	1
3184.5	1
3185.1	1
3186.5	1
3186.8	1
3188	1
3189.1	1
3189.3	1
3189.35	1
3191.1	1
3191.9	1
3194.5	1
3195.2	1
3197.45	1
3199.3	1
3200.2	1
3202.6	1
3207.05	1
3208.1	1
3209.5	1
3209.65	1
3210	1
3210.85	1
3211.7	1
3215.15	1
3218.7	1
3219.7	1
3221.05	1
3222.25	1
3222.3	1
3225.8	1
3225.95	1
3229.25	1
3229.3	1
3231.45	1
3232.85	1
3233.85	1
3236.9	1
3237.2	1
3237.4	1
3237.55	1
3238.05	1
3238.4	1
3238.6	1
3238.65	1
3241.15	1
3242.1	1
3242.5	1
3243.4	1
3247.3	1
3247.6	1
3247.95	1
3250.1	1
3264.55	1
3268.4	1
3269.8	1
3270.3	1
3272.1	1
3277.85	1
3280.35	1
3282.6	1
3284.65	1
3287.1	1
3288.55	1
3289.15	1
3290.05	1
3291.75	1
3292.1	1
3293.9	1
3294.1	1
3294.55	1
3295.6	1
3296.05	1
3296.55	1
3297.5	1
3298.9	1
3300.4	1
3300.85	1
3302.7	1
3304.65	1
3304.75	1
3307.35	1
3308.15	1
3308.45	1
3310.1	1
3312.2	1
3312.7	1
3314.05	1
3314.95	1
3316.3	1
3322.15	1
3322.2	1
3324.55	1
3327.55	1
3330.1	1
3332.75	1
3335.7	1
3336.25	1
3338.25	1
3338.75	1
3340.5	1
3341.85	1
3342.25	1
3346.2	1
3346.65	1
3346.7	1
3347.2	1
3351.15	1
3351.7	1
3352.1	1
3353.1	1
3355.15	1
3356.55	1
3357.3	1
3360.3	1
3360.8	1
3364.75	1
3365.5	1
3365.6	1
3365.85	1
3366.7	1
3368.3	1
3371.05	1
3371.35	1
3372.55	1
3374.05	1
3377.15	1
3378.35	1
3379.55	1
3380.55	1
3381.1	1
3381.95	1
3382.25	1
3382.95	1
3383.25	1
3384.3	1
3384.6	1
3385.4	1
3386.3	1
3387.6	1
3393.75	1
3393.85	1
3394.75	1
3395.65	1
3395.8	1
3397.05	1
3402.75	1
3404.75	1
3405.3	1
3408.7	1
3409.2	1
3409.8	1
3410.9	1
3411.35	1
3413.3	1
3413.8	1
3416.65	1
3418.2	1
3418.3	1
3419.55	1
3420.15	1
3421.4	1
3422	1
3423.05	1
3423.4	1
3423.95	1
3427.1	1
3427.25	1
3432	1
3432.6	1
3434.15	1
3435.8	1
3436.65	1
3441.95	1
3442.2	1
3442.7	1
3442.85	1
3443.25	1
3444.4	1
3449.05	1
3449.65	1
3452.85	1
3454.1	1
3457.3	1
3458.25	1
3459.8	1
3460.15	1
3460.55	1
3462.3	1
3462.75	1
3463.95	1
3464.05	1
3467.3	1
3469.4	1
3469.45	1
3471.95	1
3472.1	1
3474.3	1
3474.75	1
3475.45	1
3477.3	1
3477.8	1
3478.1	1
3480.65	1
3482.65	1
3483.6	1
3486.5	1
3488.7	1
3490.4	1
3491.35	1
3492.75	1
3492.85	1
3497.35	1
3497.45	1
3497.95	1
3502.3	1
3504.95	1
3509.2	1
3511.2	1
3516.35	1
3518.6	1
3518.75	1
3520.1	1
3522.7	1
3524.25	1
3524.6	1
3526.7	1
3528.7	1
3529.95	1
3530.25	1
3530.8	1
3531.45	1
3531.9	1
3533.4	1
3535.2	1
3536.6	1
3536.9	1
3536.95	1
3537.05	1
3537.5	1
3537.85	1
3538	1
3538.15	1
3538.2	1
3539.9	1
3540.95	1
3542.5	1
3543.7	1
3547.15	1
3548.55	1
3548.8	1
3548.9	1
3551.45	1
3557.3	1
3558.15	1
3560.4	1
3561.6	1
3561.9	1
3562.35	1
3563.2	1
3565.2	1
3570.6	1
3577.6	1
3579.95	1
3582.9	1
3587.1	1
3587.85	1
3588.6	1
3589.05	1
3589.9	1
3592.25	1
3592.9	1
3593.1	1
3593.95	1
3596.5	1
3598.5	1
3598.65	1
3598.95	1
3599.05	1
3601.15	1
3607.6	1
3609.45	1
3610.75	1
3611.7	1
3612.35	1
3613	1
3613.25	1
3614.25	1
3615.45	1
3617	1
3617.7	1
3621.4	1
3623.2	1
3624.8	1
3627.1	1
3627.3	1
3628.25	1
3630.05	1
3631.6	1
3634.05	1
3635.2	1
3635.9	1
3636.5	1
3637	1
3637.3	1
3639.55	1
3640.35	1
3640.9	1
3641.1	1
3641.3	1
3641.9	1
3643.45	1
3645.35	1
3645.8	1
3647.2	1
3650.7	1
3651	1
3654.15	1
3656.05	1
3656.75	1
3657.3	1
3658.7	1
3658.85	1
3661.9	1
3662.3	1
3667.1	1
3667.4	1
3668.45	1
3669.2	1
3672	1
3674.9	1
3675.7	1
3676.45	1
3677.8	1
3679.25	1
3679.7	1
3680.35	1
3681.4	1
3681.6	1
3683.65	1
3683.7	1
3683.75	1
3684.55	1
3686.55	1
3686.6	1
3688.35	1
3689.35	1
3689.75	1
3690.05	1
3691.5	1
3693	1
3698.75	1
3700.75	1
3702.9	1
3706.15	1
3706.75	1
3708.9	1
3709.5	1
3712	1
3712.35	1
3714.35	1
3716.05	1
3717.25	1
3718.1	1
3718.9	1
3719.5	1
3720	1
3720.6	1
3720.8	1
3721.95	1
3722.3	1
3727.4	1
3730.8	1
3731.35	1
3731.5	1
3731.8	1
3732.85	1
3733.4	1
3733.6	1
3734.95	1
3735	1
3737.1	1
3738.55	1
3739.15	1
3739.2	1
3739.85	1
3741.7	1
3743.3	1
3745.5	1
3747.35	1
3749.1	1
3749.6	1
3750.35	1
3750.65	1
3755.95	1
3756.3	1
3757.25	1
3757.95	1
3759.9	1
3761.5	1
3761.6	1
3763.1	1
3763.15	1
3768.2	1
3769.45	1
3771.4	1
3772.2	1
3772.55	1
3773.45	1
3774.3	1
3777.55	1
3778.55	1
3781	1
3783.65	1
3784.2	1
3790.95	1
3792.65	1
3794.3	1
3794.45	1
3795.45	1
3796.05	1
3797.65	1
3797.85	1
3799.1	1
3800.15	1
3801.15	1
3803.25	1
3803.4	1
3803.6	1
3804.05	1
3808.1	1
3808.4	1
3809.3	1
3809.65	1
3809.9	1
3810.3	1
3811.3	1
3816.1	1
3818.25	1
3819.8	1
3823.7	1
3824.1	1
3825.6	1
3825.65	1
3828.8	1
3828.9	1
3831.2	1
3833.2	1
3833.4	1
3833.65	1
3833.95	1
3834.5	1
3836.55	1
3839	1
3839.95	1
3842.85	1
3844.05	1
3845.05	1
3846.45	1
3847.25	1
3861.1	1
3861.8	1
3867.15	1
3868.5	1
3869.2	1
3870.4	1
3871.05	1
3871.5	1
3872.2	1
3872.95	1
3873.25	1
3873.65	1
3875.7	1
3877.4	1
3880.25	1
3880.4	1
3881.1	1
3881.2	1
3883.05	1
3883.25	1
3884.75	1
3885.9	1
3892.25	1
3893.3	1
3894.85	1
3897.45	1
3902.25	1
3902.7	1
3906.8	1
3907.65	1
3908.35	1
3909.95	1
3912.95	1
3914.35	1
3918.15	1
3918.5	1
3918.85	1
3921.75	1
3923.75	1
3925.2	1
3925.9	1
3926.7	1
3926.9	1
3930	1
3932.95	1
3933.25	1
3936.15	1
3936.9	1
3941.35	1
3943.5	1
3948.7	1
3949.4	1
3952.25	1
3952.6	1
3957.2	1
3958.95	1
3961.4	1
3963.55	1
3966.65	1
3967.5	1
3968.7	1
3969.25	1
3971.05	1
3971.5	1
3972.4	1
3974.4	1
3975.45	1
3975.55	1
3981.7	1
3982.85	1
3984.4	1
3985.15	1
3992.35	1
3993.6	1
3994.1	1
3997.5	1
3998.9	1
3999.3	1
4006.65	1
4007.45	1
4010.45	1
4010.6	1
4011.2	1
4018.5	1
4019.45	1
4024.7	1
4025.55	1
4030.5	1
4031	1
4033.55	1
4036.45	1
4040.4	1
4042.15	1
4044.25	1
4045.15	1
4045.4	1
4046.6	1
4049.9	1
4055.15	1
4056.9	1
4061.65	1
4062.45	1
4069.7	1
4075.55	1
4080.45	1
4090.25	1
4097.25	1
4100.35	1
4101.95	1
4102.9	1
4106.95	1
4111.9	1
4122.45	1
4125.9	1
4128.5	1
4130.15	1
4130.35	1
4132.5	1
4136	1
4136.8	1
4137.6	1
4137.8	1
4139.4	1
4143.75	1
4146.65	1
4152.6	1
4152.9	1
4156.8	1
4160.65	1
4161.75	1
4164.05	1
4164.85	1
4165.2	1
4167.05	1
4167.45	1
4168.2	1
4169.05	1
4169.8	1
4173	1
4173.25	1
4175.05	1
4176.95	1
4179.45	1
4182.35	1
4188.25	1
4191.9	1
4195.15	1
4196.5	1
4197	1
4201.85	1
4204.75	1
4205.2	1
4205.55	1
4210.6	1
4212.3	1
4212.8	1
4213.6	1
4214.15	1
4214.3	1
4216.5	1
4217.85	1
4218.65	1
4220.25	1
4222.6	1
4225.55	1
4228.7	1
4232.15	1
4233.4	1
4239.35	1
4242.15	1
4243.65	1
4244.75	1
4248.2	1
4248.5	1
4254.75	1
4256.15	1
4259.4	1
4260.65	1
4264.8	1
4267.15	1
4268.9	1
4278	1
4285.75	1
4286.6	1
4287.3	1
4289.2	1
4295.1	1
4295.5	1
4296.8	1
4301.8	1
4304.7	1
4308.1	1
4308.2	1
4310.5	1
4313.35	1
4313.7	1
4313.75	1
4315.75	1
4322.35	1
4324.2	1
4324.35	1
4325.9	1
4329.9	1
4333.2	1
4337.45	1
4344.6	1
4346.1	1
4346.85	1
4348.15	1
4348.4	1
4349.1	1
4350.1	1
4355.15	1
4359.1	1
4359.15	1
4360.45	1
4368.4	1
4373.55	1
4374.4	1
4374.8	1
4375.05	1
4377.2	1
4377.4	1
4378.4	1
4378.65	1
4379.3	1
4380.6	1
4381.3	1
4383.9	1
4385.95	1
4396.75	1
4397.45	1
4397.65	1
4399.3	1
4404.6	1
4405	1
4405.2	1
4408.8	1
4410.4	1
4410.9	1
4411.65	1
4413.7	1
4414.9	1
4416.15	1
4416.55	1
4430.7	1
4433	1
4435.65	1
4436.25	1
4441.7	1
4445.65	1
4446.8	1
4449.15	1
4451.75	1
4452.1	1
4454.5	1
4459.8	1
4460.3	1
4475.9	1
4478.65	1
4483	1
4488.25	1
4493.7	1
4496.05	1
4496.8	1
4497.35	1
4497.9	1
4503.25	1
4504.1	1
4506.9	1
4507.8	1
4508.9	1
4509.05	1
4509.25	1
4510.3	1
4511.2	1
4512.15	1
4520.2	1
4525.95	1
4526.3	1
4527.1	1
4529.5	1
4529.85	1
4531.6	1
4538.4	1
4542.05	1
4547.35	1
4547.65	1
4551.85	1
4552.2	1
4552.55	1
4556.9	1
4559.05	1
4563.45	1
4566.3	1
4567.4	1
4568.5	1
4576	1
4577.35	1
4579.8	1
4580.95	1
4585.05	1
4585.95	1
4586	1
4591.4	1
4595.2	1
4597.05	1
4597.3	1
4600.55	1
4602.1	1
4605.6	1
4608.65	1
4609.45	1
4611	1
4612.5	1
4613.95	1
4616.55	1
4618.15	1
4623	1
4623.8	1
4624.15	1
4624.25	1
4630.5	1
4633.95	1
4640.15	1
4641.55	1
4644.8	1
4649	1
4656.65	1
4664.2	1
4666.95	1
4667.3	1
4670.1	1
4671.15	1
4671.35	1
4673.75	1
4678.75	1
4679.5	1
4681.85	1
4682.15	1
4689.45	1
4691.95	1
4692.9	1
4698.5	1
4702.05	1
4703.1	1
4703.3	1
4704.95	1
4708.65	1
4711.3	1
4715.35	1
4718.2	1
4723.4	1
4725.15	1
4726.55	1
4727.3	1
4731.05	1
4736.05	1
4736.2	1
4738.2	1
4740.1	1
4746.55	1
4752.7	1
4753.15	1
4762.15	1
4762.7	1
4763.25	1
4766	1
4766.75	1
4769.3	1
4773.75	1
4778.95	1
4779	1
4781.35	1
4785.65	1
4785.7	1
4789.2	1
4789.55	1
4793.6	1
4793.75	1
4797.65	1
4799.65	1
4801.05	1
4802.6	1
4808.1	1
4817.65	1
4818.45	1
4819.7	1
4821.65	1
4822.55	1
4824.55	1
4825.6	1
4825.8	1
4826.7	1
4827.05	1
4838.15	1
4843.35	1
4844.45	1
4844.6	1
4846.1	1
4849.5	1
4850.1	1
4850.55	1
4850.8	1
4858.55	1
4858.95	1
4864.25	1
4868.75	1
4868.85	1
4873.85	1
4875.25	1
4876.65	1
4879	1
4880	1
4881.15	1
4882.1	1
4883.3	1
4884.75	1
4886.9	1
4887.1	1
4890.2	1
4891.7	1
4892.4	1
4894.5	1
4895.3	1
4895.65	1
4896.4	1
4900	1
4900.65	1
4901.15	1
4905.3	1
4906.35	1
4910.95	1
4912.75	1
4917.65	1
4917.85	1
4920.4	1
4924.95	1
4925.75	1
4926.15	1
4927.35	1
4930	1
4935.1	1
4939.85	1
4942.75	1
4943	1
4944.15	1
4945.5	1
4948.6	1
4948.65	1
4950.6	1
4953.95	1
4958.2	1
4963.15	1
4963.35	1
4966.2	1
4970.9	1
4972.75	1
4983.45	1
4986.8	1
4987.1	1
4989.95	1
5003.55	1
5004.7	1
5004.75	1
5005.8	1
5009.1	1
5011.05	1
5013.65	1
5014.85	1
5021.05	1
5022.75	1
5022.95	1
5024.8	1
5024.9	1
5026.65	1
5027.55	1
5028.85	1
5032.35	1
5032.85	1
5036.65	1
5040.4	1
5040.55	1
5041.05	1
5041.3	1
5042.2	1
5046.25	1
5047.05	1
5048.1	1
5048.45	1
5055.5	1
5056.1	1
5056.3	1
5061.95	1
5063.15	1
5063.2	1
5068	1
5069.1	1
5072.75	1
5074.3	1
5075.85	1
5076.65	1
5080.45	1
5085.45	1
5085.5	1
5089.35	1
5094.65	1
5095.6	1
5096.95	1
5099.05	1
5103.9	1
5106.45	1
5107.55	1
5110	1
5111.6	1
5112.35	1
5114.95	1
5121.3	1
5122.75	1
5123.2	1
5123.65	1
5123.95	1
5124.7	1
5127.1	1
5128.85	1
5129.75	1
5132	1
5133.2	1
5137.45	1
5139.3	1
5142.3	1
5143.6	1
5144.25	1
5145	1
5145.5	1
5145.8	1
5146.15	1
5146.7	1
5149.1	1
5150.65	1
5152.75	1
5155.65	1
5159.15	1
5165.55	1
5166.25	1
5166.7	1
5169.05	1
5169.6	1
5172.15	1
5175.1	1
5175.55	1
5175.7	1
5176.25	1
5180	1
5180.85	1
5181.55	1
5182.45	1
5194.3	1
5196.55	1
5199.7	1
5199.95	1
5201.55	1
5204.55	1
5211	1
5213.05	1
5214.5	1
5214.65	1
5215.6	1
5218.4	1
5219.85	1
5226.45	1
5228.2	1
5228.35	1
5229.6	1
5235.45	1
5236.3	1
5236.65	1
5237.3	1
5239.9	1
5240.05	1
5247	1
5247.95	1
5251.15	1
5255.3	1
5258.6	1
5264.4	1
5272.6	1
5273	1
5273.35	1
5280.65	1
5282.3	1
5288	1
5290.55	1
5298.7	1
5301.85	1
5301.9	1
5302.5	1
5304.4	1
5309.3	1
5309.55	1
5311.7	1
5315.8	1
5316.55	1
5317.75	1
5322.85	1
5326.4	1
5331.2	1
5331.85	1
5333.2	1
5340.45	1
5344.2	1
5350.8	1
5353.85	1
5356.25	1
5357	1
5359.25	1
5362	1
5364.55	1
5364.85	1
5365.75	1
5366.3	1
5367.65	1
5369.7	1
5372.6	1
5372.75	1
5375.55	1
5376.7	1
5377.75	1
5380.4	1
5381.35	1
5383.3	1
5383.7	1
5385.3	1
5385.65	1
5390.3	1
5391.6	1
5396.85	1
5403.85	1
5408.15	1
5409.7	1
5413.2	1
5417.75	1
5420.9	1
5431.4	1
5432.35	1
5438.5	1
5443.7	1
5447.8	1
5449.2	1
5449.65	1
5459.2	1
5460.65	1
5463.9	1
5466.15	1
5467.85	1
5477.25	1
5479.55	1
5479.8	1
5491.2	1
5491.95	1
5493.8	1
5502.3	1
5504.75	1
5504.95	1
5505.35	1
5513.05	1
5514.1	1
5523.3	1
5530.75	1
5532.7	1
5540.4	1
5541.55	1
5546.55	1
5553.6	1
5555.15	1
5556.2	1
5558.8	1
5567.05	1
5575.6	1
5579.6	1
5580.6	1
5582.05	1
5589.05	1
5592.85	1
5597.75	1
5600.85	1
5601.1	1
5606.75	1
5619.65	1
5620.8	1
5621.6	1
5633.05	1
5635.7	1
5637.25	1
5639.7	1
5652.55	1
5654.6	1
5656.7	1
5672.6	1
5688.8	1
5698.35	1
5719.25	1
5744.4	1
5766.2	1
5770.25	1
5773.45	1
5782.2	1
5784	1
5825	1
5828.95	1
5829	1
5883.75	1
5905.55	1
5907	1
5915.35	1
5928.45	1
5933.25	1
5939.6	1
5951.9	1
5973.1	1
5984.45	1
5987	1
5990.8	1
6010.85	1
6041.35	1
6055	1
6106.65	1
6199.95	1
6243.85	1
6271.5	1
6290.65	1
6309.6	1
6331.25	1
6337.8	1
6370.5	1
6372	1
6409	1
6415.45	1
6458.2	1
6492	1
6492.35	1
6495.1	1
6522.65	1
6555.65	1
6571.95	1
6599.55	1
6613.1	1
6622.55	1
6664.8	1
6690.75	1
6743.15	1
6768	1
6769.05	1
6814.7	1
6815.55	1
6820.45	1
6830.35	1
6835.4	1
6853.1	1
6857.4	1
6859.6	1
6884.65	1
6918.2	1
6920.7	1
6920.8	1
6927.15	1
6938.8	1
6951.85	1
6955.8	1
6963.75	1
6972.5	1
6982.7	1
6988.25	1
7022.4	1
7033.2	1
7035.15	1
7056.4	1
7058	1
7058.7	1
7065	1
7066.45	1
7074.2	1
7074.4	1
7074.75	1
7078.6	1
7085.2	1
7102	1
7106.1	1
7120.6	1
7133.85	1
7139	1
7171.4	1
7172.4	1
7178.2	1
7244.05	1
7275.5	1
7289.7	1
7290.35	1
7309.45	1
7327.6	1
7337.25	1
7372.95	1
7406	1
7436.3	1
7456.1	1
7457.25	1
7479.25	1
7495.05	1
7497.75	1
7499.1	1
7501.7	1
7522.05	1
7560	1
7578.4	1
7643.9	1
7685.2	1
7699.9	1
7728.3	1
7781.9	1
7795	1
7832.65	1
7834.05	1
7899.05	1
7942.45	1
8132.6	1
8598.85	1
8703.2	1
8706.35	1
8755.95	1
9015.9	1
9059.1	1
9067.3	1
9310.5	1
9314.15	1
9382.6	1
9501.8	1
9552.15	1
9625.8	1
9632.2	1
9761.75	1
9795.95	1
9920.25	1
10000.05	1
